"abcissae"

2

0.57735026918962576
-0.57735026918962576

4

0.86113631159405258
0.33998104358485626
-0.33998104358485626
-0.86113631159405258

6

0.93246951420315203
0.66120938646626451
0.23861918608319691
-0.23861918608319691
-0.66120938646626451
-0.93246951420315203

8

0.96028985649753623
0.79666647741362674
0.52553240991632899
0.1834346424956498
-0.1834346424956498
-0.52553240991632899
-0.79666647741362674
-0.96028985649753623

10

0.97390652851717172
0.86506336668898451
0.67940956829902441
0.43339539412924719
0.14887433898163121
-0.14887433898163121
-0.43339539412924719
-0.67940956829902441
-0.86506336668898451
-0.97390652851717172

12

0.98156063424671925
0.90411725637047486
0.76990267419430469
0.58731795428661745
0.36783149899818019
0.12523340851146892
-0.12523340851146892
-0.36783149899818019
-0.58731795428661745
-0.76990267419430469
-0.90411725637047486
-0.98156063424671925

14

0.98628380869681234
0.92843488366357352
0.82720131506976499
0.68729290481168547
0.51524863635815409
0.31911236892788976
0.10805494870734366
-0.10805494870734366
-0.31911236892788976
-0.51524863635815409
-0.68729290481168547
-0.82720131506976499
-0.92843488366357352
-0.98628380869681234

16

0.98940093499164993
0.94457502307323258
0.86563120238783174
0.75540440835500303
0.61787624440264375
0.45801677765722739
0.28160355077925891
0.09501250983763744
-0.09501250983763744
-0.28160355077925891
-0.45801677765722739
-0.61787624440264375
-0.75540440835500303
-0.86563120238783174
-0.94457502307323258
-0.98940093499164993

18

0.99156516842093095
0.95582394957139776
0.89260246649755574
0.80370495897252312
0.69168704306035321
0.55977083107394753
0.41175116146284265
0.25188622569150551
0.084775013041735301
-0.084775013041735301
-0.25188622569150551
-0.41175116146284265
-0.55977083107394753
-0.69168704306035321
-0.80370495897252312
-0.89260246649755574
-0.95582394957139776
-0.99156516842093095

20

0.99312859918509492
0.96397192727791379
0.91223442825132591
0.83911697182221882
0.74633190646015079
0.63605368072651503
0.5108670019508271
0.37370608871541956
0.22778585114164508
0.076526521133497334
-0.076526521133497334
-0.22778585114164508
-0.37370608871541956
-0.5108670019508271
-0.63605368072651503
-0.74633190646015079
-0.83911697182221882
-0.91223442825132591
-0.96397192727791379
-0.99312859918509492

22

0.99429458548239929
0.97006049783542873
0.926956772187174
0.86581257772030014
0.78781680597920816
0.69448726318668278
0.58764040350691159
0.46935583798675703
0.34193582089208423
0.20786042668822129
0.069739273319722221
-0.069739273319722221
-0.20786042668822129
-0.34193582089208423
-0.46935583798675703
-0.58764040350691159
-0.69448726318668278
-0.78781680597920816
-0.86581257772030014
-0.926956772187174
-0.97006049783542873
-0.99429458548239929

24

0.99518721999702136
0.9747285559713095
0.93827455200273276
0.88641552700440103
0.82000198597390292
0.74012419157855436
0.64809365193697557
0.54542147138883954
0.43379350762604514
0.31504267969616337
0.19111886747361631
0.064056892862605626
-0.064056892862605626
-0.19111886747361631
-0.31504267969616337
-0.43379350762604514
-0.54542147138883954
-0.64809365193697557
-0.74012419157855436
-0.82000198597390292
-0.88641552700440103
-0.93827455200273276
-0.9747285559713095
-0.99518721999702136

26

0.99588570114561693
0.97838544595647099
0.94715906666171425
0.90263786198430707
0.84544594278849802
0.77638594882067886
0.69642726041995726
0.60669229301761806
0.50844071482450572
0.40305175512348631
0.2920048394859569
0.17685882035689018
0.059230093429313207
-0.059230093429313207
-0.17685882035689018
-0.2920048394859569
-0.40305175512348631
-0.50844071482450572
-0.60669229301761806
-0.69642726041995726
-0.77638594882067886
-0.84544594278849802
-0.90263786198430707
-0.94715906666171425
-0.97838544595647099
-0.99588570114561693

28

0.99644249757395445
0.98130316537087275
0.9542592806289382
0.91563302639213207
0.86589252257439505
0.80564137091717917
0.73561087801363177
0.65665109403886496
0.56972047181140172
0.47587422495511826
0.37625151608907871
0.27206162763517808
0.16456928213338077
0.05507928988403427
-0.05507928988403427
-0.16456928213338077
-0.27206162763517808
-0.37625151608907871
-0.47587422495511826
-0.56972047181140172
-0.65665109403886496
-0.73561087801363177
-0.80564137091717917
-0.86589252257439505
-0.91563302639213207
-0.9542592806289382
-0.98130316537087275
-0.99644249757395445

30

0.99689348407464954
0.98366812327974721
0.96002186496830751
0.92620004742927433
0.88256053579205268
0.8295657623827684
0.76777743210482619
0.6978504947933158
0.62052618298924286
0.5366241481420199
0.44703376953808918
0.35270472553087811
0.25463692616788985
0.15386991360858355
0.051471842555317696
-0.051471842555317696
-0.15386991360858355
-0.25463692616788985
-0.35270472553087811
-0.44703376953808918
-0.5366241481420199
-0.62052618298924286
-0.6978504947933158
-0.76777743210482619
-0.8295657623827684
-0.88256053579205268
-0.92620004742927433
-0.96002186496830751
-0.98366812327974721
-0.99689348407464954

32

0.99726386184948156
0.98561151154526834
0.96476225558750643
0.93490607593773969
0.89632115576605212
0.84936761373256997
0.79448379596794241
0.73218211874028968
0.6630442669302152
0.58771575724076233
0.50689990893222939
0.42135127613063535
0.33186860228212765
0.23928736225213707
0.14447196158279649
0.048307665687738316
-0.048307665687738316
-0.14447196158279649
-0.23928736225213707
-0.33186860228212765
-0.42135127613063535
-0.50689990893222939
-0.58771575724076233
-0.6630442669302152
-0.73218211874028968
-0.79448379596794241
-0.84936761373256997
-0.89632115576605212
-0.93490607593773969
-0.96476225558750643
-0.98561151154526834
-0.99726386184948156
"weights"

2

1.
1.

4

0.34785484513745386
0.65214515486254614
0.65214515486254614
0.34785484513745386

6

0.17132449237917035
0.36076157304813861
0.46791393457269105
0.46791393457269105
0.36076157304813861
0.17132449237917035

8

0.10122853629037626
0.22238103445337447
0.31370664587788729
0.36268378337836198
0.36268378337836198
0.31370664587788729
0.22238103445337447
0.10122853629037626

10

0.066671344308688138
0.14945134915058059
0.21908636251598204
0.26926671930999636
0.29552422471475287
0.29552422471475287
0.26926671930999636
0.21908636251598204
0.14945134915058059
0.066671344308688138

12

0.047175336386511827
0.10693932599531843
0.16007832854334623
0.20316742672306592
0.23349253653835481
0.24914704581340279
0.24914704581340279
0.23349253653835481
0.20316742672306592
0.16007832854334623
0.10693932599531843
0.047175336386511827

14

0.035119460331751863
0.08015808715976021
0.12151857068790318
0.15720316715819353
0.18553839747793781
0.2051984637212956
0.21526385346315779
0.21526385346315779
0.2051984637212956
0.18553839747793781
0.15720316715819353
0.12151857068790318
0.08015808715976021
0.035119460331751863

16

0.027152459411754095
0.062253523938647893
0.095158511682492785
0.12462897125553387
0.14959598881657673
0.16915651939500254
0.18260341504492359
0.1894506104550685
0.1894506104550685
0.18260341504492359
0.16915651939500254
0.14959598881657673
0.12462897125553387
0.095158511682492785
0.062253523938647893
0.027152459411754095

18

0.02161601352648331
0.049714548894969796
0.076425730254889057
0.10094204410628717
0.12255520671147846
0.14064291467065065
0.15468467512626524
0.16427648374583272
0.16914238296314359
0.16914238296314359
0.16427648374583272
0.15468467512626524
0.14064291467065065
0.12255520671147846
0.10094204410628717
0.076425730254889057
0.049714548894969796
0.02161601352648331

20

0.017614007139152118
0.040601429800386941
0.062672048334109064
0.083276741576704749
0.10193011981724044
0.11819453196151842
0.13168863844917663
0.14209610931838205
0.14917298647260375
0.15275338713072585
0.15275338713072585
0.14917298647260375
0.14209610931838205
0.13168863844917663
0.11819453196151842
0.10193011981724044
0.083276741576704749
0.062672048334109064
0.040601429800386941
0.017614007139152118

22

0.014627995298272201
0.033774901584814155
0.052293335152683286
0.069796468424520488
0.085941606217067727
0.10041414444288096
0.11293229608053922
0.12325237681051242
0.13117350478706237
0.13654149834601517
0.13925187285563199
0.13925187285563199
0.13654149834601517
0.13117350478706237
0.12325237681051242
0.11293229608053922
0.10041414444288096
0.085941606217067727
0.069796468424520488
0.052293335152683286
0.033774901584814155
0.014627995298272201

24

0.0123412297999872
0.028531388628933663
0.044277438817419806
0.059298584915436781
0.073346481411080306
0.086190161531953276
0.097618652104113888
0.10744427011596563
0.1155056680537256
0.12167047292780339
0.1258374563468283
0.12793819534675216
0.12793819534675216
0.1258374563468283
0.12167047292780339
0.1155056680537256
0.10744427011596563
0.097618652104113888
0.086190161531953276
0.073346481411080306
0.059298584915436781
0.044277438817419806
0.028531388628933663
0.0123412297999872

26

0.010551372617343007
0.024417851092631909
0.037962383294362764
0.050975825297147812
0.063274046329574836
0.074684149765659746
0.085045894313485239
0.094213800355914148
0.10205916109442542
0.10847184052857659
0.11336181654631967
0.11666044348529658
0.11832141527926228
0.11832141527926228
0.11666044348529658
0.11336181654631967
0.10847184052857659
0.10205916109442542
0.094213800355914148
0.085045894313485239
0.074684149765659746
0.063274046329574836
0.050975825297147812
0.037962383294362764
0.024417851092631909
0.010551372617343007

28

0.0091242825930945177
0.02113211259277126
0.03290142778230438
0.044272934759004228
0.055107345675716745
0.065272923966999596
0.074646214234568779
0.083113417228901218
0.090571744393032841
0.096930657997929916
0.10211296757806077
0.10605576592284642
0.10871119225829414
0.1100470130164752
0.1100470130164752
0.10871119225829414
0.10605576592284642
0.10211296757806077
0.096930657997929916
0.090571744393032841
0.083113417228901218
0.074646214234568779
0.065272923966999596
0.055107345675716745
0.044272934759004228
0.03290142778230438
0.02113211259277126
0.0091242825930945177

30

0.0079681924961666056
0.018466468311090959
0.028784707883323369
0.03879919256962705
0.048402672830594053
0.057493156217619066
0.065974229882180495
0.073755974737705206
0.080755895229420215
0.08689978720108298
0.092122522237786129
0.09636873717464426
0.099593420586795267
0.1017623897484055
0.10285265289355884
0.10285265289355884
0.1017623897484055
0.099593420586795267
0.09636873717464426
0.092122522237786129
0.08689978720108298
0.080755895229420215
0.073755974737705206
0.065974229882180495
0.057493156217619066
0.048402672830594053
0.03879919256962705
0.028784707883323369
0.018466468311090959
0.0079681924961666056

32

0.0070186100094700966
0.016274394730905671
0.025392065309262059
0.034273862913021433
0.042835898022226681
0.050998059262376176
0.058684093478535547
0.065822222776361847
0.072345794108848506
0.078193895787070306
0.083311924226946755
0.087652093004403811
0.091173878695763885
0.093844399080804566
0.095638720079274859
0.096540088514727801
0.096540088514727801
0.095638720079274859
0.093844399080804566
0.091173878695763885
0.087652093004403811
0.083311924226946755
0.078193895787070306
0.072345794108848506
0.065822222776361847
0.058684093478535547
0.050998059262376176
0.042835898022226681
0.034273862913021433
0.025392065309262059
0.016274394730905671
0.0070186100094700966
